5 0 0
5000 7000 2000
5000 7000 2000
500 7000 2000
3000 5000 1000
3000 5000 1000
300 5000 1000
2000 5000 1200
2000 5000 1200
200 5000 1200
1500 3500 1000
1500 3500 1000
150 3500 1000
500 1500 800
500 1500 800
50 1500 800
50 500 100
5000 7000 4000
50 100 400
80 100 300
300 500 1000
1000 1500 1500
200 500 400
80 400 150
80 400 150
200 1000 200
500 2000 1000
500 2000 1000
500 2000 1000
500 2000 1000
500 2000 1000
500 2000 1000
500 2000 1000
80 200 1500
80 200 1500
80 200 1500
80 200 1500
80 200 1500
80 200 1500
80 200 1500
2000 4000 1400
2000 4000 1400
2000 4000 1400
2000 4000 1400
2000 4000 1400
2000 4000 1400
2000 4000 1400
2000 4000 1400
2000 4000 1400
2000 4000 1400
2000 4000 1400
100 700 1500
150 200 1400
150 200 1400
100 100 2000
100 100 2000
4000 1000 0
150 300 50
150 300 50
150 300 50
1500 3000 50
150 300 50
150 300 50
150 300 50
9000 6500 0
5000 6000 0
4000 5500 0
3000 5000 0
200 450 0
200 450 0
200 450 0
2000 4500 0
200 450 0
200 450 0
200 450 0
0 0 0
0 0 0
0 0 0
1000 3500 0
1000 3500 0
1000 3500 0
1000 3500 0
1000 3500 0
1000 3500 0
1000 3500 0
50 50 0
50 50 0
50 50 0
50 50 0
50 50 0
50 50 0
50 50 0
220 300 0
180 200 0
180 200 0
180 200 0
180 100 0
180 100 0
100 120 0
100 120 0
100 120 0
100 120 0
100 120 0
100 120 0
100 120 0
100 120 0
100 120 0
80 100 0
80 100 0
80 100 0
180 220 0
180 220 0
160 200 0
160 200 0
2000 4500 0
2000 4500 0
2000 4500 0
2000 4500 0
2000 4500 0
2000 4500 0
2000 4500 0
2000 4500 0
2000 4500 0
1000 1000 0
2000 4500 0
2000 4500 0
2000 4500 0
500 500 5000
500 500 5000
500 500 5000
500 500 5000
500 500 5000
500 500 5000
50 200 500
50 200 500
50 200 500
50 200 500
50 200 500
50 200 500
150 300 150
60 120 150
60 120 150
60 120 150
60 120 150
40 60 250
40 60 250
40 60 250
0 0 0
