0 41476811
0 3301012
0 16180
0 41572359
0 41476595
0 41574581
0 41476813
0 3301042
0 3574767
0 435331238
0 89395
0 228800
0 3613386
1 3596210
1 3596307
1 2754208
1 3596750
1 37044574
1 3596340
1 3596265
1 3596164
1 268708
1 2799575
1 3052518
1 3595993
1 3596315
1 2852630
2 41245626
2 37957890
2 44953243
2 3583039
2 3511987
2 3063007
2 36230176
2 37174695
2 208675
2 44770354
2 12975
2 43483407
2 376766721
2 208680
3 36230188
3 3301535
3 3021519
3 3451173
3 3248503
3 3567178
3 3439173
3 161547
3 465938002
3 3021511
3 45490315
3 12545
3 3021524
3 117738
3 2863029
4 36552237
4 44956160
4 204697
4 101137
4 3158076
4 35960580
4 204696
4 44956160
4 3160809
4 3292629
4 42564766
4 204691
4 36979801
4 465939460
5 247177
5 206443
5 214212
5 247083
5 214277
5 3161034
5 265449
5 258784
5 247206
5 3177224
5 265437
5 3095157
5 38080927
6 165189
6 1564599
6 204697
6 3606650
6 263496
6 3021549
6 175068
6 161477
6 3021560
6 2809327
6 242364
6 3529538
6 40415790
6 3625685
6 146991
7 3489296
7 3301506
7 216257
7 3040937
7 3489322
7 3541658
7 243369
7 2860890
7 169089
7 3618126
7 2946247
7 229047
7 2907976
7 220185
8 206508
8 3021545
8 2864345
8 236594
8 3578845
8 3018979
8 3388310
8 233795
8 3556929
8 2166205
8 3326521
8 3567182
8 3413272
8 3556933
9 238584
9 236546
9 3021590
9 258813
9 236552
9 2909455
9 3690123
9 2837148
9 242480
9 137633
9 2909458
9 2946278
9 2837139
9 3018980
10 247213
10 3246178
10 257909
10 204691
10 262412
10 259719
10 247217
10 214616
10 3530097
10 3246184
10 258159
10 243355
10 247220
10 3242670
10 3080349
11 261854
11 229140
11 137750
11 236553
11 228793
11 3606656
11 229126
11 227255
11 90584
11 3246118
11 3729889
11 3688625
11 2907999
11 3579765
11 2802008
12 3301477
12 214309
12 143608
12 202947
12 258784
12 2889309
12 143616
12 258728
12 2889328
12 17724
12 258774
12 3542988
12 214318
13 258724
13 242368
13 3301546
13 2941377
13 258143
13 3301551
13 242374
13 3177909
13 254219
13 163087
13 238527
13 258144
13 208689
13 2864328
